
% ----- Analog nuclide-wise reaction rate estimates

nuc(   1, :) = '   1001.03c';
nuc(   2, :) = '   1001.03s';
nuc(   3, :) = '   6000.03c';
nuc(   4, :) = '   6012.03c';
nuc(   5, :) = '   7014.03c';
nuc(   6, :) = '   8016.03c';
nuc(   7, :) = '  14028.03c';
nuc(   8, :) = '  14029.03c';
nuc(   9, :) = '  14030.03c';
nuc(  10, :) = '  15031.03c';
nuc(  11, :) = '  16032.03c';
nuc(  12, :) = '  16033.03c';
nuc(  13, :) = '  16034.03c';
nuc(  14, :) = '  16036.03c';
nuc(  15, :) = '  18040.03c';
nuc(  16, :) = '  24050.03c';
nuc(  17, :) = '  24052.03c';
nuc(  18, :) = '  24053.03c';
nuc(  19, :) = '  24054.03c';
nuc(  20, :) = '  25055.03c';
nuc(  21, :) = '  26054.03c';
nuc(  22, :) = '  26056.03c';
nuc(  23, :) = '  26057.03c';
nuc(  24, :) = '  26058.03c';
nuc(  25, :) = '  28058.03c';
nuc(  26, :) = '  28060.03c';
nuc(  27, :) = '  28061.03c';
nuc(  28, :) = '  28062.03c';
nuc(  29, :) = '  28064.03c';
nuc(  30, :) = '  82204.03c';
nuc(  31, :) = '  82206.03c';
nuc(  32, :) = '  82207.03c';
nuc(  33, :) = '  82208.03c';
nuc(  34, :) = '  92235.03c';
nuc(  35, :) = '  92238.03c';

rr = [
   1   10010    2  1.00000E-11  2.00000E+01  0.00000E+00 0.00000  %   1001.03c mt 2
   1   10010  102  1.00000E-11  2.00000E+01  0.00000E+00 0.00000  %   1001.03c mt 102
   2   10010    2  1.00000E-11  2.00000E+01  3.24874E+13 0.00059  %   1001.03s mt 2
   2   10010  102  1.00000E-11  2.00000E+01  1.03760E+10 0.01594  %   1001.03s mt 102
   2   10010 1004  1.00000E-11  3.75000E-06  2.11278E+12 0.00265  %   1001.03s mt 1004
   3   60000    2  1.00000E-11  2.00000E+01  0.00000E+00 0.00000  %   6000.03c mt 2
   3   60000    5  2.00000E+01  2.00000E+01  0.00000E+00 0.00000  %   6000.03c mt 5
   3   60000   28  1.72982E+01  2.00000E+01  0.00000E+00 0.00000  %   6000.03c mt 28
   3   60000   51  4.81209E+00  2.00000E+01  0.00000E+00 0.00000  %   6000.03c mt 51
   3   60000   52  8.29622E+00  2.00000E+01  0.00000E+00 0.00000  %   6000.03c mt 52
   3   60000   53  1.04481E+01  2.00000E+01  0.00000E+00 0.00000  %   6000.03c mt 53
   3   60000   54  1.17080E+01  2.00000E+01  0.00000E+00 0.00000  %   6000.03c mt 54
   3   60000   55  1.27920E+01  2.00000E+01  0.00000E+00 0.00000  %   6000.03c mt 55
   3   60000   56  1.37674E+01  2.00000E+01  0.00000E+00 0.00000  %   6000.03c mt 56
   3   60000   57  1.45000E+01  2.00000E+01  0.00000E+00 0.00000  %   6000.03c mt 57
   3   60000   58  1.52634E+01  2.00000E+01  0.00000E+00 0.00000  %   6000.03c mt 58
   3   60000   59  1.63474E+01  2.00000E+01  0.00000E+00 0.00000  %   6000.03c mt 59
   3   60000   60  1.74315E+01  2.00000E+01  0.00000E+00 0.00000  %   6000.03c mt 60
   3   60000   61  1.85160E+01  2.00000E+01  0.00000E+00 0.00000  %   6000.03c mt 61
   3   60000   62  1.96000E+01  2.00000E+01  0.00000E+00 0.00000  %   6000.03c mt 62
   3   60000   91  7.88645E+00  2.00000E+01  0.00000E+00 0.00000  %   6000.03c mt 91
   3   60000  102  1.00000E-11  2.00000E+01  0.00000E+00 0.00000  %   6000.03c mt 102
   3   60000  103  1.44720E+01  2.00000E+01  0.00000E+00 0.00000  %   6000.03c mt 103
   3   60000  104  1.52630E+01  2.00000E+01  0.00000E+00 0.00000  %   6000.03c mt 104
   3   60000  107  6.18124E+00  2.00000E+01  0.00000E+00 0.00000  %   6000.03c mt 107
   4   60120    2  1.00000E-11  2.00000E+01  2.63224E+11 0.00389  %   6012.03c mt 2
   4   60120   51  4.81222E+00  2.00000E+01  1.27220E+07 0.49627  %   6012.03c mt 51
   4   60120   52  8.13041E+00  2.00000E+01  0.00000E+00 0.00000  %   6012.03c mt 52
   4   60120   53  8.29302E+00  2.00000E+01  0.00000E+00 0.00000  %   6012.03c mt 53
   4   60120   54  8.67244E+00  2.00000E+01  0.00000E+00 0.00000  %   6012.03c mt 54
   4   60120   55  9.21447E+00  2.00000E+01  0.00000E+00 0.00000  %   6012.03c mt 55
   4   60120   56  9.75650E+00  2.00000E+01  0.00000E+00 0.00000  %   6012.03c mt 56
   4   60120   57  1.02985E+01  2.00000E+01  0.00000E+00 0.00000  %   6012.03c mt 57
   4   60120   58  1.04503E+01  2.00000E+01  0.00000E+00 0.00000  %   6012.03c mt 58
   4   60120   59  1.08406E+01  2.00000E+01  0.00000E+00 0.00000  %   6012.03c mt 59
   4   60120   60  1.13826E+01  2.00000E+01  0.00000E+00 0.00000  %   6012.03c mt 60
   4   60120   61  1.19246E+01  2.00000E+01  0.00000E+00 0.00000  %   6012.03c mt 61
   4   60120   62  1.24666E+01  2.00000E+01  0.00000E+00 0.00000  %   6012.03c mt 62
   4   60120   63  1.30087E+01  2.00000E+01  0.00000E+00 0.00000  %   6012.03c mt 63
   4   60120   64  1.35507E+01  2.00000E+01  0.00000E+00 0.00000  %   6012.03c mt 64
   4   60120   65  1.40927E+01  2.00000E+01  0.00000E+00 0.00000  %   6012.03c mt 65
   4   60120   66  1.46348E+01  2.00000E+01  0.00000E+00 0.00000  %   6012.03c mt 66
   4   60120   67  1.51768E+01  2.00000E+01  0.00000E+00 0.00000  %   6012.03c mt 67
   4   60120   68  1.57188E+01  2.00000E+01  0.00000E+00 0.00000  %   6012.03c mt 68
   4   60120   69  1.62608E+01  2.00000E+01  0.00000E+00 0.00000  %   6012.03c mt 69
   4   60120   70  1.68029E+01  2.00000E+01  0.00000E+00 0.00000  %   6012.03c mt 70
   4   60120   71  1.73449E+01  2.00000E+01  0.00000E+00 0.00000  %   6012.03c mt 71
   4   60120   72  1.78869E+01  2.00000E+01  0.00000E+00 0.00000  %   6012.03c mt 72
   4   60120   73  1.84290E+01  2.00000E+01  0.00000E+00 0.00000  %   6012.03c mt 73
   4   60120   74  1.89710E+01  2.00000E+01  0.00000E+00 0.00000  %   6012.03c mt 74
   4   60120   75  1.95130E+01  2.00000E+01  0.00000E+00 0.00000  %   6012.03c mt 75
   4   60120   91  7.88700E+00  2.00000E+01  0.00000E+00 0.00000  %   6012.03c mt 91
   4   60120  102  1.00000E-11  2.00000E+01  3.22990E+06 1.00000  %   6012.03c mt 102
   4   60120  103  1.36451E+01  2.00000E+01  0.00000E+00 0.00000  %   6012.03c mt 103
   4   60120  104  1.48866E+01  2.00000E+01  0.00000E+00 0.00000  %   6012.03c mt 104
   4   60120  107  6.18075E+00  2.00000E+01  0.00000E+00 0.00000  %   6012.03c mt 107
   5   70140    2  1.00000E-11  2.00000E+01  3.13549E+08 0.09357  %   7014.03c mt 2
   5   70140   16  1.13137E+01  2.00000E+01  0.00000E+00 0.00000  %   7014.03c mt 16
   5   70140   51  2.47939E+00  2.00000E+01  0.00000E+00 0.00000  %   7014.03c mt 51
   5   70140   52  4.23249E+00  2.00000E+01  0.00000E+00 0.00000  %   7014.03c mt 52
   5   70140   53  5.26914E+00  2.00000E+01  0.00000E+00 0.00000  %   7014.03c mt 53
   5   70140   54  5.47368E+00  2.00000E+01  0.00000E+00 0.00000  %   7014.03c mt 54
   5   70140   55  6.10141E+00  2.00000E+01  0.00000E+00 0.00000  %   7014.03c mt 55
   5   70140   56  6.25450E+00  2.00000E+01  0.00000E+00 0.00000  %   7014.03c mt 56
   5   70140   57  6.65035E+00  2.00000E+01  0.00000E+00 0.00000  %   7014.03c mt 57
   5   70140   58  6.91050E+00  2.00000E+01  0.00000E+00 0.00000  %   7014.03c mt 58
   5   70140   59  7.53544E+00  2.00000E+01  0.00000E+00 0.00000  %   7014.03c mt 59
   5   70140   60  8.54077E+00  2.00000E+01  0.00000E+00 0.00000  %   7014.03c mt 60
   5   70140   61  8.64272E+00  2.00000E+01  0.00000E+00 0.00000  %   7014.03c mt 61
   5   70140   62  9.10145E+00  2.00000E+01  0.00000E+00 0.00000  %   7014.03c mt 62
   5   70140   63  9.38028E+00  2.00000E+01  0.00000E+00 0.00000  %   7014.03c mt 63
   5   70140   64  9.91630E+00  2.00000E+01  0.00000E+00 0.00000  %   7014.03c mt 64
   5   70140   65  1.04523E+01  2.00000E+01  0.00000E+00 0.00000  %   7014.03c mt 65
   5   70140   66  1.09883E+01  2.00000E+01  0.00000E+00 0.00000  %   7014.03c mt 66
   5   70140   67  1.15244E+01  2.00000E+01  0.00000E+00 0.00000  %   7014.03c mt 67
   5   70140   68  1.20604E+01  2.00000E+01  0.00000E+00 0.00000  %   7014.03c mt 68
   5   70140   69  1.25964E+01  2.00000E+01  0.00000E+00 0.00000  %   7014.03c mt 69
   5   70140   70  1.31324E+01  2.00000E+01  0.00000E+00 0.00000  %   7014.03c mt 70
   5   70140   71  1.36684E+01  2.00000E+01  0.00000E+00 0.00000  %   7014.03c mt 71
   5   70140   72  1.42044E+01  2.00000E+01  0.00000E+00 0.00000  %   7014.03c mt 72
