% ----- Distribution at level 0 (first lattice):

lvl0 = [
 267 3.95420E-03  0.12168 % a
 268 3.61959E-02  0.03875 % a
 269 3.97765E-03  0.11066 % a
 299 1.06860E-01  0.02122 % a
 300 2.64234E-01  0.01407 % a
 301 2.82305E-01  0.01374 % a
 302 2.90259E-01  0.01436 % a
 303 2.89579E-01  0.01366 % a
 304 2.83494E-01  0.01270 % a
 305 2.66557E-01  0.01465 % a
 306 1.08843E-01  0.02194 % a
 332 1.07684E-01  0.02135 % a
 333 2.71016E-01  0.01369 % a
 334 3.00562E-01  0.01244 % a
 335 3.19165E-01  0.01343 % a
 336 3.28788E-01  0.01196 % a
 337 3.36490E-01  0.01218 % a
 338 3.31463E-01  0.01138 % a
 339 3.20807E-01  0.01285 % a
 340 2.98212E-01  0.01339 % a
 341 2.68799E-01  0.01396 % a
 342 1.06651E-01  0.02212 % a
 366 2.70255E-01  0.01381 % a
 367 3.01988E-01  0.01369 % a
 368 3.20552E-01  0.01332 % a
 369 3.47293E-01  0.01138 % a
 370 3.62195E-01  0.01114 % a
 371 3.75365E-01  0.01133 % a
 372 3.69045E-01  0.01066 % a
 373 3.64637E-01  0.01191 % a
 374 3.46996E-01  0.01211 % a
 375 3.26567E-01  0.01169 % a
 376 2.91230E-01  0.01321 % a
 377 2.68379E-01  0.01392 % a
 399 3.39740E-03  0.10749 % a
 400 2.80020E-01  0.01336 % a
 401 3.23838E-01  0.01268 % a
 402 3.45863E-01  0.01114 % a
 403 3.68895E-01  0.01106 % a
 404 3.96510E-01  0.01114 % a
 405 4.14957E-01  0.01153 % a
 406 4.15227E-01  0.01008 % a
 407 4.14961E-01  0.01034 % a
 408 3.90482E-01  0.01016 % a
 409 3.72277E-01  0.01176 % a
 410 3.48927E-01  0.01223 % a
 411 3.12918E-01  0.01391 % a
 412 2.83829E-01  0.01317 % a
 413 3.17600E-03  0.10895 % a
 433 3.69474E-02  0.03568 % a
 434 2.90446E-01  0.01338 % a
 435 3.30152E-01  0.01211 % a
 436 3.65650E-01  0.01189 % a
 437 3.90792E-01  0.01135 % a
 438 4.14159E-01  0.01025 % a
 439 4.40652E-01  0.01045 % a
 440 4.50841E-01  0.00993 % a
 441 4.52879E-01  0.01010 % a
 442 4.37407E-01  0.01045 % a
 443 4.28712E-01  0.01082 % a
 444 3.94307E-01  0.01121 % a
 445 3.66880E-01  0.01206 % a
 446 3.32035E-01  0.01246 % a
 447 2.96018E-01  0.01244 % a
 448 3.42931E-02  0.03586 % a
 467 3.13453E-03  0.11640 % a
 468 2.96168E-01  0.01324 % a
 469 3.34326E-01  0.01252 % a
 470 3.68238E-01  0.01151 % a
 471 4.03530E-01  0.01012 % a
 472 4.44724E-01  0.01082 % a
 473 4.64343E-01  0.01079 % a
 474 4.77019E-01  0.00945 % a
 475 4.82390E-01  0.01039 % a
 476 4.76986E-01  0.00999 % a
 477 4.70184E-01  0.00919 % a
 478 4.40360E-01  0.01061 % a
 479 4.20828E-01  0.01064 % a
 480 3.70366E-01  0.01178 % a
 481 3.33869E-01  0.01273 % a
 482 2.94000E-01  0.01335 % a
 483 3.92950E-03  0.10800 % a
 502 2.80468E-01  0.01326 % a
 503 3.27004E-01  0.01257 % a
 504 3.68668E-01  0.01157 % a
 505 4.18703E-01  0.01026 % a
 506 4.52168E-01  0.01011 % a
 507 4.81807E-01  0.00970 % a
 508 5.06127E-01  0.00946 % a
 509 5.12433E-01  0.00986 % a
 510 5.02651E-01  0.00953 % a
 511 5.03599E-01  0.00998 % a
 512 4.81767E-01  0.01103 % a
 513 4.48205E-01  0.01002 % a
 514 4.19926E-01  0.00994 % a
 515 3.71049E-01  0.01187 % a
 516 3.29810E-01  0.01089 % a
 517 2.88269E-01  0.01335 % a
 536 2.69424E-01  0.01423 % a
 537 3.08484E-01  0.01398 % a
 538 3.75292E-01  0.01140 % a
 539 4.14765E-01  0.01063 % a
 540 4.50892E-01  0.01020 % a
 541 4.90794E-01  0.01108 % a
 542 5.18417E-01  0.01024 % a
 543 5.29466E-01  0.00942 % a
 544 5.19736E-01  0.00956 % a
 545 5.19097E-01  0.01030 % a
 546 5.04460E-01  0.01030 % a
 547 4.80819E-01  0.00996 % a
 548 4.48009E-01  0.00994 % a
 549 4.08572E-01  0.01116 % a
 550 3.72326E-01  0.01277 % a
 551 3.14616E-01  0.01221 % a
 552 2.73012E-01  0.01375 % a
 570 1.09064E-01  0.01934 % a
 571 3.02154E-01  0.01346 % a
 572 3.54260E-01  0.01209 % a
 573 4.02277E-01  0.01161 % a
 574 4.42990E-01  0.00994 % a
 575 4.90437E-01  0.00989 % a
 576 5.08432E-01  0.01028 % a
 577 5.38675E-01  0.00887 % a
 578 5.37397E-01  0.00943 % a
 579 5.42208E-01  0.01048 % a
 580 5.18973E-01  0.00930 % a
 581 5.08906E-01  0.01071 % a
 582 4.73168E-01  0.01080 % a
 583 4.38055E-01  0.01131 % a
 584 4.04697E-01  0.01047 % a
 585 3.47179E-01  0.01264 % a
 586 3.00331E-01  0.01175 % a
 587 1.06747E-01  0.02006 % a
 605 2.79124E-01  0.01289 % a
 606 3.26759E-01  0.01316 % a
 607 3.78943E-01  0.01154 % a
 608 4.23566E-01  0.01066 % a
 609 4.68315E-01  0.01068 % a
 610 5.01100E-01  0.00965 % a
 611 5.28039E-01  0.00920 % a
 612 5.38476E-01  0.00972 % a
 613 5.41213E-01  0.00951 % a
 614 5.45029E-01  0.00936 % a
 615 5.20784E-01  0.01008 % a
 616 4.98292E-01  0.00977 % a
 617 4.60277E-01  0.01062 % a
 618 4.19838E-01  0.01116 % a
 619 3.74960E-01  0.01036 % a
 620 3.29282E-01  0.01244 % a
 621 2.84007E-01  0.01413 % a
 639 1.10112E-01  0.02101 % a
 640 2.98963E-01  0.01346 % a
 641 3.57142E-01  0.01160 % a
 642 3.94497E-01  0.01039 % a
 643 4.41639E-01  0.00976 % a
 644 4.86940E-01  0.01113 % a
 645 5.16182E-01  0.00941 % a
 646 5.35157E-01  0.00992 % a
 647 5.44679E-01  0.00963 % a
 648 5.45591E-01  0.01028 % a
 649 5.36335E-01  0.01005 % a
 650 5.06990E-01  0.01043 % a
 651 4.74161E-01  0.01049 % a
 652 4.38375E-01  0.01035 % a
 653 3.93121E-01  0.01087 % a
 654 3.50574E-01  0.01243 % a
 655 2.97110E-01  0.01371 % a
 656 1.07611E-01  0.01976 % a
 674 2.70209E-01  0.01332 % a
 675 3.25234E-01  0.01321 % a
 676 3.58190E-01  0.01089 % a
 677 4.12700E-01  0.01209 % a
 678 4.49458E-01  0.01041 % a
 679 4.93772E-01  0.00994 % a
 680 5.18598E-01  0.00892 % a
 681 5.33615E-01  0.00955 % a
 682 5.33575E-01  0.00891 % a
 683 5.27803E-01  0.01030 % a
 684 5.11658E-01  0.00984 % a
 685 4.86877E-01  0.00929 % a
 686 4.54465E-01  0.01064 % a
 687 4.07382E-01  0.01062 % a
 688 3.63584E-01  0.01274 % a
 689 3.14904E-01  0.01307 % a
 690 2.60229E-01  0.01409 % a
 709 2.88844E-01  0.01295 % a
 710 3.34084E-01  0.01332 % a
 711 3.73688E-01  0.01098 % a
 712 4.31025E-01  0.01166 % a
 713 4.61464E-01  0.01052 % a
 714 4.80478E-01  0.01027 % a
 715 5.08153E-01  0.00935 % a
 716 5.14853E-01  0.00904 % a
 717 5.24551E-01  0.00951 % a
 718 5.00786E-01  0.01033 % a
 719 4.80209E-01  0.01033 % a
 720 4.44838E-01  0.01004 % a
 721 4.04653E-01  0.01066 % a
 722 3.75731E-01  0.01104 % a
 723 3.24467E-01  0.01148 % a
 724 2.80613E-01  0.01236 % a
 743 3.77907E-03  0.11555 % a
 744 2.97641E-01  0.01289 % a
 745 3.30173E-01  0.01189 % a
 746 3.79140E-01  0.01165 % a
 747 4.14276E-01  0.01093 % a
 748 4.42374E-01  0.01045 % a
 749 4.61240E-01  0.01058 % a
 750 4.82185E-01  0.01064 % a
 751 4.82526E-01  0.01008 % a
 752 4.74047E-01  0.01000 % a
 753 4.58141E-01  0.01135 % a
 754 4.37010E-01  0.01075 % a
 755 3.99427E-01  0.01119 % a
 756 3.67812E-01  0.01144 % a
 757 3.26639E-01  0.01166 % a
 758 2.81239E-01  0.01330 % a
 759 3.73915E-03  0.11508 % a
 778 3.47815E-02  0.03631 % a
 779 2.94907E-01  0.01266 % a
 780 3.32283E-01  0.01170 % a
 781 3.64820E-01  0.01110 % a
 782 4.04740E-01  0.01131 % a
 783 4.28574E-01  0.01080 % a
 784 4.43402E-01  0.01074 % a
 785 4.52742E-01  0.01060 % a
 786 4.51071E-01  0.01101 % a
 787 4.34717E-01  0.01066 % a
 788 4.18173E-01  0.01061 % a
 789 3.91562E-01  0.01054 % a
 790 3.50931E-01  0.01255 % a
 791 3.12716E-01  0.01229 % a
 792 2.79900E-01  0.01240 % a
 793 3.65191E-02  0.03826 % a
 813 3.43058E-03  0.11953 % a
 814 2.85431E-01  0.01262 % a
 815 3.15467E-01  0.01275 % a
 816 3.45457E-01  0.01150 % a
 817 3.78742E-01  0.01164 % a
 818 3.99612E-01  0.01154 % a
 819 4.11725E-01  0.01069 % a
 820 4.12737E-01  0.01118 % a
 821 4.08139E-01  0.01068 % a
 822 3.92210E-01  0.01160 % a
 823 3.64184E-01  0.01225 % a
 824 3.37525E-01  0.01195 % a
 825 3.06357E-01  0.01393 % a
 826 2.81952E-01  0.01304 % a
 827 4.78242E-03  0.10378 % a
 849 2.72108E-01  0.01373 % a
 850 2.91840E-01  0.01381 % a
 851 3.36593E-01  0.01405 % a
 852 3.44814E-01  0.01086 % a
 853 3.61173E-01  0.01092 % a
 854 3.73703E-01  0.01203 % a
 855 3.73490E-01  0.01166 % a
 856 3.57498E-01  0.01136 % a
 857 3.38443E-01  0.01255 % a
 858 3.28452E-01  0.01237 % a
 859 2.89345E-01  0.01319 % a
 860 2.66214E-01  0.01465 % a
 884 1.06569E-01  0.02269 % a
 885 2.80630E-01  0.01327 % a
 886 3.00274E-01  0.01435 % a
